0 -inf
1 -inf
2 -inf
3 -inf
4 -inf
5 -inf
6 -inf
7 -inf
8 -inf
9 -inf
10 -inf
11 -inf
12 -inf
13 -inf
14 -inf
15 -inf
16 -inf
17 -inf
18 -10.3499
19 -inf
20 -inf
21 -inf
22 -inf
23 -inf
24 -inf
25 -inf
26 -inf
27 -inf
28 -inf
29 -inf
30 -inf
31 -10.3499
32 -inf
33 -inf
34 -inf
35 -inf
36 0
0  0  -inf
0  1  -inf
0  2  -inf
0  3  -inf
0  4  -inf
0  5  -inf
0  6  -inf
0  7  -1.39693
0  8  -inf
0  9  -inf
0  10  -inf
0  11  -inf
0  12  -inf
0  13  -inf
0  14  -1.39787
0  15  -inf
0  16  -inf
0  17  -inf
0  18  -inf
0  19  -inf
0  20  -inf
0  21  -inf
0  22  -inf
0  23  -1.45637
0  24  -inf
0  25  -inf
0  26  -inf
0  27  -inf
0  28  -inf
0  29  -inf
0  30  -inf
0  31  -inf
0  32  -inf
0  33  -1.30033
0  34  -inf
0  35  -inf
0  36  -inf
1  0  -inf
1  1  -inf
1  2  -inf
1  3  -0.459856
1  4  -inf
1  5  -inf
1  6  -inf
1  7  -inf
1  8  -inf
1  9  -inf
1  10  -2.30658
1  11  -inf
1  12  -inf
1  13  -inf
1  14  -inf
1  15  -inf
1  16  -inf
1  17  -inf
1  18  -inf
1  19  -inf
1  20  -inf
1  21  -inf
1  22  -inf
1  23  -inf
1  24  -inf
1  25  -inf
1  26  -inf
1  27  -inf
1  28  -2.73601
1  29  -inf
1  30  -inf
1  31  -inf
1  32  -1.58868
1  33  -inf
1  34  -inf
1  35  -inf
1  36  -inf
2  0  -inf
2  1  -1.94276
2  2  -inf
2  3  -inf
2  4  -inf
2  5  -inf
2  6  -inf
2  7  -inf
2  8  -inf
2  9  -inf
2  10  -inf
2  11  -inf
2  12  -inf
2  13  -inf
2  14  -inf
2  15  -1.19124
2  16  -inf
2  17  -inf
2  18  -inf
2  19  -1.75491
2  20  -inf
2  21  -inf
2  22  -inf
2  23  -0.967779
2  24  -inf
2  25  -inf
2  26  -inf
2  27  -inf
2  28  -inf
2  29  -inf
2  30  -inf
2  31  -inf
2  32  -inf
2  33  -inf
2  34  -inf
2  35  -inf
2  36  -inf
3  0  -inf
3  1  -inf
3  2  -inf
3  3  -0.920385
3  4  -inf
3  5  -inf
3  6  -inf
3  7  -inf
3  8  -inf
3  9  -inf
3  10  -inf
3  11  -inf
3  12  -inf
3  13  -inf
3  14  -inf
3  15  -inf
3  16  -inf
3  17  -inf
3  18  -inf
3  19  -inf
3  20  -inf
3  21  -inf
3  22  -inf
3  23  -inf
3  24  -inf
3  25  -2.21737
3  26  -inf
3  27  -0.707776
3  28  -inf
3  29  -inf
3  30  -inf
3  31  -inf
3  32  -inf
3  33  -inf
3  34  -inf
3  35  -inf
3  36  -inf
4  0  -inf
4  1  -inf
4  2  -inf
4  3  -1.26379
4  4  -inf
4  5  -inf
4  6  -inf
4  7  -inf
4  8  -inf
4  9  -inf
4  10  -2.01924
4  11  -inf
4  12  -inf
4  13  -inf
4  14  -inf
4  15  -inf
4  16  -inf
4  17  -0.881396
4  18  -inf
4  19  -inf
4  20  -inf
4  21  -inf
4  22  -inf
4  23  -inf
4  24  -inf
4  25  -inf
4  26  -inf
4  27  -inf
4  28  -inf
4  29  -inf
4  30  -inf
4  31  -inf
4  32  -inf
4  33  -inf
4  34  -inf
4  35  -1.76927
4  36  -inf
5  0  -inf
5  1  -inf
5  2  -inf
5  3  -inf
5  4  -2.60652
5  5  -inf
5  6  -inf
5  7  -inf
5  8  -inf
5  9  -inf
5  10  -inf
5  11  -inf
5  12  -inf
5  13  -inf
5  14  -inf
5  15  -1.1934
5  16  -inf
5  17  -inf
5  18  -inf
5  19  -inf
5  20  -inf
5  21  -inf
5  22  -inf
5  23  -inf
5  24  -1.12623
5  25  -inf
5  26  -inf
5  27  -1.20809
5  28  -inf
5  29  -inf
5  30  -inf
5  31  -inf
5  32  -inf
5  33  -inf
5  34  -inf
5  35  -inf
5  36  -inf
6  0  -0.624562
6  1  -inf
6  2  -inf
6  3  -inf
6  4  -inf
6  5  -inf
6  6  -inf
6  7  -inf
6  8  -inf
6  9  -inf
6  10  -inf
6  11  -inf
6  12  -inf
6  13  -inf
6  14  -inf
6  15  -1.33345
6  16  -inf
6  17  -inf
6  18  -inf
6  19  -inf
6  20  -inf
6  21  -1.60476
6  22  -inf
6  23  -inf
6  24  -inf
6  25  -inf
6  26  -inf
6  27  -inf
6  28  -inf
6  29  -inf
6  30  -inf
6  31  -inf
6  32  -inf
6  33  -inf
6  34  -inf
6  35  -inf
6  36  -inf
7  0  -inf
7  1  -inf
7  2  -inf
7  3  -inf
7  4  -inf
7  5  -inf
7  6  -inf
7  7  -inf
7  8  -inf
7  9  -inf
7  10  -inf
7  11  -inf
7  12  -inf
7  13  -1.34738
7  14  -1.24545
7  15  -inf
7  16  -inf
7  17  -inf
7  18  -inf
7  19  -inf
7  20  -inf
7  21  -inf
7  22  -inf
7  23  -inf
7  24  -inf
7  25  -inf
7  26  -inf
7  27  -inf
7  28  -inf
7  29  -inf
7  30  -3.23266
7  31  -inf
7  32  -inf
7  33  -0.884757
7  34  -inf
7  35  -inf
7  36  -inf
8  0  -1.07064
8  1  -inf
8  2  -inf
8  3  -inf
8  4  -inf
8  5  -inf
8  6  -inf
8  7  -inf
8  8  -inf
8  9  -inf
8  10  -inf
8  11  -inf
8  12  -inf
8  13  -inf
8  14  -inf
8  15  -inf
8  16  -inf
8  17  -1.07873
8  18  -inf
8  19  -2.07496
8  20  -1.65222
8  21  -inf
8  22  -inf
8  23  -inf
8  24  -inf
8  25  -inf
8  26  -inf
8  27  -inf
8  28  -inf
8  29  -inf
8  30  -inf
8  31  -inf
8  32  -inf
8  33  -inf
8  34  -inf
8  35  -inf
8  36  -inf
9  0  -inf
9  1  -inf
9  2  -inf
9  3  -inf
9  4  -inf
9  5  -inf
9  6  -2.16857
9  7  -inf
9  8  -inf
9  9  -inf
9  10  -inf
9  11  -inf
9  12  -inf
9  13  -inf
9  14  -inf
9  15  -inf
9  16  -1.1216
9  17  -inf
9  18  -inf
9  19  -inf
9  20  -inf
9  21  -0.937788
9  22  -inf
9  23  -inf
9  24  -inf
9  25  -inf
9  26  -inf
9  27  -inf
9  28  -inf
9  29  -inf
9  30  -inf
9  31  -inf
9  32  -inf
9  33  -inf
9  34  -inf
9  35  -1.78136
9  36  -inf
10  0  -inf
10  1  -inf
10  2  -inf
10  3  -inf
10  4  -1.94098
10  5  -inf
10  6  -inf
10  7  -inf
10  8  -inf
10  9  -inf
10  10  -1.2157
10  11  -inf
10  12  -inf
10  13  -inf
10  14  -inf
10  15  -inf
10  16  -inf
10  17  -inf
10  18  -inf
10  19  -inf
10  20  -inf
10  21  -inf
10  22  -inf
10  23  -inf
10  24  -inf
10  25  -inf
10  26  -inf
10  27  -inf
10  28  -inf
10  29  -inf
10  30  -inf
10  31  -inf
10  32  -inf
10  33  -inf
10  34  -inf
10  35  -0.579935
10  36  -inf
11  0  -inf
11  1  -inf
11  2  -inf
11  3  -inf
11  4  -inf
11  5  -inf
11  6  -inf
11  7  -inf
11  8  -inf
11  9  -inf
11  10  -inf
11  11  -1.31413
11  12  -1.02207
11  13  -inf
11  14  -inf
11  15  -inf
11  16  -inf
11  17  -0.990363
11  18  -inf
11  19  -inf
11  20  -inf
11  21  -inf
11  22  -inf
11  23  -inf
11  24  -inf
11  25  -inf
11  26  -inf
11  27  -inf
11  28  -inf
11  29  -inf
11  30  -inf
11  31  -inf
11  32  -inf
11  33  -inf
11  34  -inf
11  35  -inf
11  36  -inf
12  0  -inf
12  1  -inf
12  2  -inf
12  3  -inf
12  4  -2.41853
12  5  -inf
12  6  -inf
12  7  -inf
12  8  -inf
12  9  -inf
12  10  -inf
12  11  -inf
12  12  -inf
12  13  -inf
12  14  -inf
12  15  -inf
12  16  -inf
12  17  -inf
12  18  -inf
12  19  -1.9255
12  20  -inf
12  21  -0.564899
12  22  -inf
12  23  -inf
12  24  -inf
12  25  -inf
12  26  -inf
12  27  -1.62594
12  28  -inf
12  29  -inf
12  30  -inf
12  31  -inf
12  32  -inf
12  33  -inf
12  34  -inf
12  35  -inf
12  36  -inf
13  0  -inf
13  1  -inf
13  2  -inf
13  3  -inf
13  4  -inf
13  5  -inf
13  6  -inf
13  7  -inf
13  8  -inf
13  9  -inf
13  10  -inf
13  11  -inf
13  12  -inf
13  13  -inf
13  14  -inf
13  15  -inf
13  16  -inf
13  17  -inf
13  18  -inf
13  19  -inf
13  20  -inf
13  21  -inf
13  22  -1.01409
13  23  -inf
13  24  -inf
13  25  -1.82798
13  26  -1.10836
13  27  -inf
13  28  -1.92121
13  29  -inf
13  30  -inf
13  31  -inf
13  32  -inf
13  33  -inf
13  34  -inf
13  35  -inf
13  36  -inf
14  0  -inf
14  1  -inf
14  2  -inf
14  3  -inf
14  4  -inf
14  5  -inf
14  6  -inf
14  7  -inf
14  8  -inf
14  9  -inf
14  10  -inf
14  11  -inf
14  12  -inf
14  13  -inf
14  14  -0.580021
14  15  -inf
14  16  -inf
14  17  -inf
14  18  -1.51771
14  19  -inf
14  20  -inf
14  21  -inf
14  22  -inf
14  23  -inf
14  24  -inf
14  25  -inf
14  26  -1.51005
14  27  -inf
14  28  -inf
14  29  -inf
14  30  -inf
14  31  -inf
14  32  -inf
14  33  -inf
14  34  -inf
14  35  -inf
14  36  -inf
15  0  -inf
15  1  -inf
15  2  -inf
15  3  -inf
15  4  -inf
15  5  -1.66862
15  6  -inf
15  7  -0.843936
15  8  -inf
15  9  -inf
15  10  -inf
15  11  -inf
15  12  -inf
15  13  -inf
15  14  -0.963701
15  15  -inf
15  16  -inf
15  17  -inf
15  18  -inf
15  19  -inf
15  20  -inf
15  21  -inf
15  22  -inf
15  23  -inf
15  24  -inf
15  25  -inf
15  26  -inf
15  27  -inf
15  28  -inf
15  29  -inf
15  30  -inf
15  31  -inf
15  32  -inf
15  33  -inf
15  34  -inf
15  35  -inf
15  36  -inf
16  0  -inf
16  1  -2.42186
16  2  -inf
16  3  -inf
16  4  -inf
16  5  -1.31067
16  6  -inf
16  7  -inf
16  8  -inf
16  9  -inf
16  10  -inf
16  11  -inf
16  12  -inf
16  13  -inf
16  14  -inf
16  15  -inf
16  16  -inf
16  17  -inf
16  18  -inf
16  19  -inf
16  20  -inf
16  21  -inf
16  22  -inf
16  23  -inf
16  24  -inf
16  25  -inf
16  26  -inf
16  27  -inf
16  28  -2.00421
16  29  -0.679565
16  30  -inf
16  31  -inf
16  32  -inf
16  33  -inf
16  34  -inf
16  35  -inf
16  36  -inf
17  0  -inf
17  1  -inf
17  2  -2.03457
17  3  -inf
17  4  -inf
17  5  -inf
17  6  -inf
17  7  -inf
17  8  -inf
17  9  -inf
17  10  -inf
17  11  -inf
17  12  -inf
17  13  -0.931266
17  14  -0.811958
17  15  -inf
17  16  -inf
17  17  -inf
17  18  -inf
17  19  -inf
17  20  -inf
17  21  -inf
17  22  -inf
17  23  -inf
17  24  -inf
17  25  -inf
17  26  -inf
17  27  -inf
17  28  -inf
17  29  -inf
17  30  -3.46669
17  31  -inf
17  32  -inf
17  33  -inf
17  34  -inf
17  35  -inf
17  36  -inf
18  0  -0.755554
18  1  -inf
18  2  -inf
18  3  -inf
18  4  -inf
18  5  -inf
18  6  -inf
18  7  -inf
18  8  -inf
18  9  -inf
18  10  -inf
18  11  -inf
18  12  -inf
18  13  -inf
18  14  -inf
18  15  -1.45031
18  16  -inf
18  17  -inf
18  18  -inf
18  19  -inf
18  20  -inf
18  21  -inf
18  22  -inf
18  23  -inf
18  24  -inf
18  25  -2.53374
18  26  -inf
18  27  -inf
18  28  -inf
18  29  -inf
18  30  -inf
18  31  -inf
18  32  -1.53067
18  33  -inf
18  34  -inf
18  35  -inf
18  36  -inf
19  0  -0.96004
19  1  -inf
19  2  -inf
19  3  -inf
19  4  -inf
19  5  -inf
19  6  -inf
19  7  -inf
19  8  -inf
19  9  -inf
19  10  -inf
19  11  -inf
19  12  -inf
19  13  -inf
19  14  -inf
19  15  -inf
19  16  -inf
19  17  -1.05318
19  18  -inf
19  19  -inf
19  20  -inf
19  21  -inf
19  22  -inf
19  23  -inf
19  24  -inf
19  25  -inf
19  26  -inf
19  27  -1.31566
19  28  -inf
19  29  -inf
19  30  -inf
19  31  -inf
19  32  -inf
19  33  -inf
19  34  -inf
19  35  -inf
19  36  -inf
20  0  -inf
20  1  -inf
20  2  -inf
20  3  -inf
20  4  -inf
20  5  -inf
20  6  -inf
20  7  -inf
20  8  -inf
20  9  -1.42436
20  10  -inf
20  11  -inf
20  12  -inf
20  13  -inf
20  14  -inf
20  15  -inf
20  16  -inf
20  17  -inf
20  18  -0.623742
20  19  -inf
20  20  -inf
20  21  -inf
20  22  -inf
20  23  -inf
20  24  -inf
20  25  -inf
20  26  -inf
20  27  -inf
20  28  -inf
20  29  -inf
20  30  -inf
20  31  -inf
20  32  -1.49878
20  33  -inf
20  34  -inf
20  35  -inf
20  36  -inf
21  0  -inf
21  1  -inf
21  2  -inf
21  3  -inf
21  4  -inf
21  5  -inf
21  6  -inf
21  7  -inf
21  8  -inf
21  9  -1.64038
21  10  -inf
21  11  -inf
21  12  -inf
21  13  -inf
21  14  -0.780717
21  15  -inf
21  16  -inf
21  17  -inf
21  18  -inf
21  19  -inf
21  20  -inf
21  21  -inf
21  22  -inf
21  23  -inf
21  24  -inf
21  25  -2.17859
21  26  -inf
21  27  -inf
21  28  -inf
21  29  -inf
21  30  -inf
21  31  -inf
21  32  -inf
21  33  -inf
21  34  -inf
21  35  -1.44896
21  36  -inf
22  0  -inf
22  1  -inf
22  2  -inf
22  3  -inf
22  4  -inf
22  5  -inf
22  6  -inf
22  7  -inf
22  8  -inf
22  9  -inf
22  10  -inf
22  11  -inf
22  12  -0.911131
22  13  -1.69122
22  14  -1.38952
22  15  -inf
22  16  -1.8052
22  17  -inf
22  18  -inf
22  19  -inf
22  20  -inf
22  21  -inf
22  22  -inf
22  23  -inf
22  24  -inf
22  25  -inf
22  26  -inf
22  27  -inf
22  28  -inf
22  29  -inf
22  30  -inf
22  31  -inf
22  32  -inf
22  33  -inf
22  34  -inf
22  35  -inf
22  36  -inf
23  0  -0.36023
23  1  -inf
23  2  -inf
23  3  -inf
23  4  -inf
23  5  -inf
23  6  -inf
23  7  -inf
23  8  -2.92071
23  9  -inf
23  10  -inf
23  11  -inf
23  12  -inf
23  13  -inf
23  14  -inf
23  15  -inf
23  16  -inf
23  17  -inf
23  18  -inf
23  19  -inf
23  20  -inf
23  21  -inf
23  22  -1.39195
23  23  -inf
23  24  -inf
23  25  -inf
23  26  -inf
23  27  -inf
23  28  -inf
23  29  -inf
23  30  -inf
23  31  -inf
23  32  -inf
23  33  -inf
23  34  -inf
23  35  -inf
23  36  -inf
24  0  -inf
24  1  -inf
24  2  -1.74236
24  3  -inf
24  4  -inf
24  5  -inf
24  6  -inf
24  7  -inf
24  8  -inf
24  9  -inf
24  10  -inf
24  11  -1.46235
24  12  -inf
24  13  -inf
24  14  -inf
24  15  -inf
24  16  -inf
24  17  -inf
24  18  -inf
24  19  -1.44092
24  20  -inf
24  21  -inf
24  22  -inf
24  23  -inf
24  24  -inf
24  25  -inf
24  26  -inf
24  27  -inf
24  28  -inf
24  29  -inf
24  30  -inf
24  31  -inf
24  32  -inf
24  33  -inf
24  34  -1.03144
24  35  -inf
24  36  -inf
25  0  -inf
25  1  -inf
25  2  -inf
25  3  -inf
25  4  -inf
25  5  -inf
25  6  -inf
25  7  -inf
25  8  -inf
25  9  -inf
25  10  -inf
25  11  -inf
25  12  -inf
25  13  -0.883828
25  14  -inf
25  15  -inf
25  16  -inf
25  17  -inf
25  18  -inf
25  19  -inf
25  20  -inf
25  21  -inf
25  22  -inf
25  23  -inf
25  24  -inf
25  25  -inf
25  26  -inf
25  27  -inf
25  28  -inf
25  29  -0.878167
25  30  -inf
25  31  -inf
25  32  -inf
25  33  -inf
25  34  -inf
25  35  -1.76459
25  36  -inf
26  0  -inf
26  1  -inf
26  2  -inf
26  3  -inf
26  4  -inf
26  5  -inf
26  6  -inf
26  7  -0.617601
26  8  -inf
26  9  -2.13564
26  10  -inf
26  11  -inf
26  12  -inf
26  13  -inf
26  14  -inf
26  15  -inf
26  16  -inf
26  17  -inf
26  18  -inf
26  19  -inf
26  20  -2.04338
26  21  -inf
26  22  -inf
26  23  -inf
26  24  -inf
26  25  -inf
26  26  -1.54644
26  27  -inf
26  28  -inf
26  29  -inf
26  30  -inf
26  31  -inf
26  32  -inf
26  33  -inf
26  34  -inf
26  35  -inf
26  36  -inf
27  0  -inf
27  1  -inf
27  2  -inf
27  3  -inf
27  4  -2.46535
27  5  -inf
27  6  -inf
27  7  -inf
27  8  -inf
27  9  -inf
27  10  -inf
27  11  -inf
27  12  -inf
27  13  -0.61675
27  14  -inf
27  15  -inf
27  16  -0.979963
27  17  -inf
27  18  -inf
27  19  -inf
27  20  -inf
27  21  -inf
27  22  -inf
27  23  -inf
27  24  -inf
27  25  -inf
27  26  -inf
27  27  -inf
27  28  -inf
27  29  -inf
27  30  -inf
27  31  -inf
27  32  -inf
27  33  -inf
27  34  -inf
27  35  -inf
27  36  -inf
28  0  -inf
28  1  -inf
28  2  -inf
28  3  -inf
28  4  -inf
28  5  -inf
28  6  -2.90386
28  7  -inf
28  8  -inf
28  9  -inf
28  10  -inf
28  11  -inf
28  12  -inf
28  13  -inf
28  14  -inf
28  15  -inf
28  16  -inf
28  17  -inf
28  18  -0.302637
28  19  -inf
28  20  -inf
28  21  -inf
28  22  -inf
28  23  -inf
28  24  -inf
28  25  -inf
28  26  -inf
28  27  -2.29821
28  28  -2.24542
28  29  -inf
28  30  -inf
28  31  -inf
28  32  -inf
28  33  -inf
28  34  -inf
28  35  -inf
28  36  -inf
29  0  -inf
29  1  -inf
29  2  -inf
29  3  -inf
29  4  -2.65814
29  5  -inf
29  6  -inf
29  7  -inf
29  8  -inf
29  9  -inf
29  10  -inf
29  11  -inf
29  12  -inf
29  13  -inf
29  14  -1.08166
29  15  -1.02932
29  16  -inf
29  17  -inf
29  18  -inf
29  19  -inf
29  20  -inf
29  21  -inf
29  22  -inf
29  23  -inf
29  24  -inf
29  25  -inf
29  26  -inf
29  27  -inf
29  28  -inf
29  29  -inf
29  30  -inf
29  31  -inf
29  32  -1.45397
29  33  -inf
29  34  -inf
29  35  -inf
29  36  -inf
30  0  -inf
30  1  -inf
30  2  -inf
30  3  -inf
30  4  -inf
30  5  -inf
30  6  -inf
30  7  -inf
30  8  -inf
30  9  -inf
30  10  -inf
30  11  -inf
30  12  -inf
30  13  -inf
30  14  -1.18975
30  15  -inf
30  16  -inf
30  17  -inf
30  18  -inf
30  19  -inf
30  20  -inf
30  21  -0.975914
30  22  -inf
30  23  -inf
30  24  -inf
30  25  -2.31431
30  26  -inf
30  27  -inf
30  28  -inf
30  29  -inf
30  30  -inf
30  31  -inf
30  32  -1.51403
30  33  -inf
30  34  -inf
30  35  -inf
30  36  -inf
31  0  -0.660002
31  1  -inf
31  2  -inf
31  3  -inf
31  4  -inf
31  5  -inf
31  6  -inf
31  7  -inf
31  8  -inf
31  9  -inf
31  10  -inf
31  11  -inf
31  12  -inf
31  13  -1.51052
31  14  -inf
31  15  -inf
31  16  -inf
31  17  -inf
31  18  -inf
31  19  -inf
31  20  -inf
31  21  -inf
31  22  -inf
31  23  -inf
31  24  -inf
31  25  -inf
31  26  -inf
31  27  -inf
31  28  -inf
31  29  -inf
31  30  -inf
31  31  -3.73374
31  32  -1.43359
31  33  -inf
31  34  -inf
31  35  -inf
31  36  -inf
32  0  -inf
32  1  -inf
32  2  -inf
32  3  -inf
32  4  -inf
32  5  -1.22395
32  6  -inf
32  7  -inf
32  8  -inf
32  9  -inf
32  10  -inf
32  11  -inf
32  12  -inf
32  13  -inf
32  14  -inf
32  15  -inf
32  16  -inf
32  17  -inf
32  18  -inf
32  19  -inf
32  20  -inf
32  21  -inf
32  22  -1.67296
32  23  -inf
32  24  -inf
32  25  -inf
32  26  -inf
32  27  -inf
32  28  -inf
32  29  -inf
32  30  -inf
32  31  -inf
32  32  -inf
32  33  -0.657308
32  34  -inf
32  35  -inf
32  36  -inf
33  0  -inf
33  1  -inf
33  2  -inf
33  3  -0.964116
33  4  -2.83461
33  5  -inf
33  6  -inf
33  7  -inf
33  8  -inf
33  9  -inf
33  10  -inf
33  11  -inf
33  12  -inf
33  13  -inf
33  14  -inf
33  15  -inf
33  16  -inf
33  17  -inf
33  18  -inf
33  19  -inf
33  20  -inf
33  21  -inf
33  22  -1.83453
33  23  -inf
33  24  -inf
33  25  -inf
33  26  -inf
33  27  -inf
33  28  -inf
33  29  -inf
33  30  -inf
33  31  -inf
33  32  -inf
33  33  -inf
33  34  -inf
33  35  -0.915665
33  36  -inf
34  0  -inf
34  1  -inf
34  2  -inf
34  3  -inf
34  4  -inf
34  5  -inf
34  6  -inf
34  7  -inf
34  8  -inf
34  9  -1.77827
34  10  -1.51343
34  11  -inf
34  12  -inf
34  13  -inf
34  14  -0.55241
34  15  -inf
34  16  -inf
34  17  -inf
34  18  -inf
34  19  -inf
34  20  -inf
34  21  -inf
34  22  -inf
34  23  -inf
34  24  -inf
34  25  -inf
34  26  -inf
34  27  -inf
34  28  -inf
34  29  -inf
34  30  -3.34233
34  31  -inf
34  32  -inf
34  33  -inf
34  34  -inf
34  35  -inf
34  36  -inf
35  0  -inf
35  1  -inf
35  2  -inf
35  3  -inf
35  4  -1.8703
35  5  -inf
35  6  -inf
35  7  -inf
35  8  -2.38067
35  9  -inf
35  10  -inf
35  11  -0.283114
35  12  -inf
35  13  -inf
35  14  -inf
35  15  -inf
35  16  -inf
35  17  -inf
35  18  -inf
35  19  -inf
35  20  -inf
35  21  -inf
35  22  -inf
35  23  -inf
35  24  -inf
35  25  -inf
35  26  -inf
35  27  -inf
35  28  -inf
35  29  -inf
35  30  -inf
35  31  -inf
35  32  -inf
35  33  -inf
35  34  -inf
35  35  -inf
35  36  -inf
36  0  -inf
36  1  -inf
36  2  -inf
36  3  -inf
36  4  -inf
36  5  -inf
36  6  -inf
36  7  -inf
36  8  -inf
36  9  -inf
36  10  -inf
36  11  -inf
36  12  -inf
36  13  -inf
36  14  -inf
36  15  -inf
36  16  -inf
36  17  -inf
36  18  -inf
36  19  -inf
36  20  -inf
36  21  -inf
36  22  -inf
36  23  -inf
36  24  -inf
36  25  -inf
36  26  -inf
36  27  -inf
36  28  -inf
36  29  -inf
36  30  -inf
36  31  -inf
36  32  -inf
36  33  -inf
36  34  -inf
36  35  -inf
36  36  0
0  0  -1.45927
0  1  -inf
0  2  -2.85105
0  3  -inf
0  4  -inf
0  5  -inf
0  6  -inf
0  7  -2.48798
0  8  -inf
0  9  -inf
0  10  -inf
0  11  -inf
0  12  -inf
0  13  -inf
0  14  -2.57693
0  15  -1.88666
0  16  -inf
0  17  -3.33148
0  18  -inf
0  19  -inf
0  20  -inf
0  21  -3.16408
0  22  -2.81116
0  23  -inf
0  24  -inf
0  25  -inf
0  26  -3.21579
0  27  -inf
0  28  -inf
0  29  -3.15193
0  30  -3.05429
0  31  -inf
0  32  -3.35667
0  33  -inf
0  34  -3.2609
0  35  -inf
0  36  -inf
1  0  -inf
1  1  -0.856254
1  2  -inf
1  3  -1.33803
1  4  -1.08636
1  5  -inf
1  6  -inf
1  7  -inf
1  8  -inf
1  9  -inf
1  10  -2.74459
1  11  -inf
1  12  -inf
1  13  -3.26159
1  14  -inf
1  15  -inf
1  16  -3.05945
1  17  -inf
1  18  -1.98486
1  19  -inf
1  20  -1.42194
1  21  -inf
1  22  -inf
1  23  -inf
1  24  -inf
1  25  -inf
1  26  -inf
1  27  -inf
1  28  -2.91349
1  29  -1.8126
1  30  -1.70458
1  31  -2.10669
1  32  -inf
1  33  -1.798
1  34  -2.35971
1  35  -inf
1  36  -inf
2  0  -1.65591
2  1  -inf
2  2  -1.0563
2  3  -inf
2  4  -inf
2  5  -2.74062
2  6  -2.08937
2  7  -inf
2  8  -2.90417
2  9  -inf
2  10  -inf
2  11  -inf
2  12  -3.138
2  13  -inf
2  14  -inf
2  15  -inf
2  16  -3.2233
2  17  -inf
2  18  -2.66393
2  19  -inf
2  20  -inf
2  21  -inf
2  22  -inf
2  23  -inf
2  24  -3.14129
2  25  -inf
2  26  -inf
2  27  -inf
2  28  -inf
2  29  -2.44179
2  30  -inf
2  31  -inf
2  32  -inf
2  33  -inf
2  34  -inf
2  35  -inf
2  36  -inf
3  0  -inf
3  1  -2.17908
3  2  -inf
3  3  -1.05644
3  4  -2.00094
3  5  -2.69974
3  6  -inf
3  7  -inf
3  8  -inf
3  9  -inf
3  10  -inf
3  11  -inf
3  12  -2.58328
3  13  -2.91951
3  14  -inf
3  15  -inf
3  16  -inf
3  17  -inf
3  18  -2.90237
3  19  -1.72171
3  20  -inf
3  21  -2.84663
3  22  -inf
3  23  -inf
3  24  -inf
3  25  -inf
3  26  -inf
3  27  -inf
3  28  -2.27034
3  29  -inf
3  30  -2.76897
3  31  -inf
3  32  -inf
3  33  -2.41294
3  34  -inf
3  35  -inf
3  36  -inf
4  0  -inf
4  1  -2.78489
4  2  -inf
4  3  -2.79269
4  4  -1.47994
4  5  -inf
4  6  -inf
4  7  -inf
4  8  -2.25645
4  9  -3.45254
4  10  -3.26912
4  11  -1.24257
4  12  -inf
4  13  -inf
4  14  -inf
4  15  -inf
4  16  -inf
4  17  -inf
4  18  -inf
4  19  -1.75054
4  20  -inf
4  21  -3.65682
4  22  -inf
4  23  -inf
4  24  -inf
4  25  -3.46777
4  26  -inf
4  27  -inf
4  28  -inf
4  29  -inf
4  30  -inf
4  31  -inf
4  32  -inf
4  33  -2.84845
4  34  -3.81436
4  35  -inf
4  36  -inf
5  0  -inf
5  1  -inf
5  2  -2.57129
5  3  -2.13095
5  4  -inf
5  5  -1.51261
5  6  -2.13114
5  7  -inf
5  8  -inf
5  9  -inf
5  10  -4.39137
5  11  -inf
5  12  -2.37302
5  13  -inf
5  14  -inf
5  15  -inf
5  16  -inf
5  17  -inf
5  18  -2.7057
5  19  -1.71157
5  20  -inf
5  21  -inf
5  22  -inf
5  23  -inf
5  24  -inf
5  25  -inf
5  26  -inf
5  27  -3.63009
5  28  -2.26019
5  29  -2.29914
5  30  -inf
5  31  -inf
5  32  -inf
5  33  -4.7552
5  34  -inf
5  35  -3.89642
5  36  -inf
6  0  -inf
6  1  -inf
6  2  -2.91631
6  3  -inf
6  4  -inf
6  5  -3.12741
6  6  -1.20317
6  7  -inf
6  8  -2.44457
6  9  -2.08103
6  10  -inf
6  11  -inf
6  12  -2.61506
6  13  -inf
6  14  -inf
6  15  -inf
6  16  -inf
6  17  -inf
6  18  -2.20167
6  19  -1.90227
6  20  -inf
6  21  -inf
6  22  -inf
6  23  -2.89357
6  24  -inf
6  25  -inf
6  26  -inf
6  27  -inf
6  28  -inf
6  29  -2.82858
6  30  -2.37444
6  31  -2.70645
6  32  -inf
6  33  -inf
6  34  -inf
6  35  -inf
6  36  -inf
7  0  -1.60107
7  1  -inf
7  2  -inf
7  3  -inf
7  4  -inf
7  5  -inf
7  6  -inf
7  7  -1.60365
7  8  -inf
7  9  -inf
7  10  -inf
7  11  -inf
7  12  -inf
7  13  -inf
7  14  -2.02764
7  15  -2.00874
7  16  -inf
7  17  -2.23936
7  18  -inf
7  19  -inf
7  20  -inf
7  21  -2.61479
7  22  -1.70867
7  23  -inf
7  24  -inf
7  25  -2.92954
7  26  -inf
7  27  -3.0019
7  28  -inf
7  29  -2.60263
7  30  -2.505
7  31  -3.44356
7  32  -2.80738
7  33  -inf
7  34  -2.54581
7  35  -inf
7  36  -inf
8  0  -inf
8  1  -inf
8  2  -4.09092
8  3  -inf
8  4  -2.0252
8  5  -inf
8  6  -2.63308
8  7  -inf
8  8  -1.44644
8  9  -inf
8  10  -inf
8  11  -1.12323
8  12  -3.91029
8  13  -inf
8  14  -inf
8  15  -inf
8  16  -inf
8  17  -inf
8  18  -3.14547
8  19  -1.21339
8  20  -inf
8  21  -inf
8  22  -inf
8  23  -3.27907
8  24  -3.91358
8  25  -inf
8  26  -3.5075
8  27  -inf
8  28  -inf
8  29  -inf
8  30  -inf
8  31  -3.09195
8  32  -inf
8  33  -inf
8  34  -inf
8  35  -inf
8  36  -inf
9  0  -inf
9  1  -inf
9  2  -inf
9  3  -inf
9  4  -2.62145
9  5  -inf
9  6  -1.87878
9  7  -inf
9  8  -inf
9  9  -0.931828
9  10  -2.9422
9  11  -inf
9  12  -2.29128
9  13  -inf
9  14  -inf
9  15  -inf
9  16  -inf
9  17  -inf
9  18  -inf
9  19  -inf
9  20  -inf
9  21  -2.8282
9  22  -2.28638
9  23  -inf
9  24  -inf
9  25  -2.63914
9  26  -inf
9  27  -2.47029
9  28  -2.51648
9  29  -inf
9  30  -2.05065
9  31  -inf
9  32  -inf
9  33  -3.12096
9  34  -inf
9  35  -inf
9  36  -inf
10  0  -inf
10  1  -2.45482
10  2  -inf
10  3  -inf
10  4  -1.0562
10  5  -3.01517
10  6  -inf
10  7  -inf
10  8  -inf
10  9  -1.55496
10  10  -1.24125
10  11  -inf
10  12  -3.03253
10  13  -inf
10  14  -inf
10  15  -inf
10  16  -inf
10  17  -inf
10  18  -inf
10  19  -inf
10  20  -inf
10  21  -1.75925
10  22  -inf
10  23  -inf
10  24  -inf
10  25  -1.57019
10  26  -inf
10  27  -2.58238
10  28  -inf
10  29  -3.03276
10  30  -inf
10  31  -inf
10  32  -inf
10  33  -1.87722
10  34  -1.91679
10  35  -2.84871
10  36  -inf
11  0  -inf
11  1  -inf
11  2  -inf
11  3  -inf
11  4  -2.44436
11  5  -inf
11  6  -inf
11  7  -inf
11  8  -2.55627
11  9  -inf
11  10  -inf
11  11  -0.592685
11  12  -inf
11  13  -inf
11  14  -inf
11  15  -inf
11  16  -inf
11  17  -inf
11  18  -inf
11  19  -2.05036
11  20  -inf
11  21  -inf
11  22  -2.36302
11  23  -inf
11  24  -3.02296
11  25  -inf
11  26  -inf
11  27  -inf
11  28  -inf
11  29  -inf
11  30  -inf
11  31  -inf
11  32  -inf
11  33  -inf
11  34  -inf
11  35  -2.76465
11  36  -inf
12  0  -inf
12  1  -inf
12  2  -3.02428
12  3  -1.79483
12  4  -inf
12  5  -2.12772
12  6  -1.52143
12  7  -inf
12  8  -2.60982
12  9  -1.39989
12  10  -4.05525
12  11  -inf
12  12  -1.09894
12  13  -inf
12  14  -inf
12  15  -inf
12  16  -inf
12  17  -inf
12  18  -inf
12  19  -1.37545
12  20  -inf
12  21  -inf
12  22  -inf
12  23  -inf
12  24  -2.84694
12  25  -inf
12  26  -inf
12  27  -3.29397
12  28  -1.92407
12  29  -3.74436
12  30  -1.6933
12  31  -inf
12  32  -inf
12  33  -4.41908
12  34  -inf
12  35  -3.5603
12  36  -inf
13  0  -inf
13  1  -2.84241
13  2  -inf
13  3  -1.08744
13  4  -inf
13  5  -inf
13  6  -inf
13  7  -inf
13  8  -inf
13  9  -inf
13  10  -inf
13  11  -inf
13  12  -inf
13  13  -0.439356
13  14  -0.638378
13  15  -inf
13  16  -2.33497
13  17  -inf
13  18  -1.56296
13  19  -inf
13  20  -inf
13  21  -1.50721
13  22  -inf
13  23  -2.10825
13  24  -inf
13  25  -inf
13  26  -1.01339
13  27  -inf
13  28  -2.18901
13  29  -inf
13  30  -1.42955
13  31  -inf
13  32  -1.81076
13  33  -2.36401
13  34  -inf
13  35  -inf
13  36  -inf
14  0  -1.89705
14  1  -inf
14  2  -inf
14  3  -inf
14  4  -inf
14  5  -inf
14  6  -inf
14  7  -2.20048
14  8  -inf
14  9  -inf
14  10  -inf
14  11  -inf
14  12  -inf
14  13  -3.05585
14  14  -0.774691
14  15  -1.6616
14  16  -inf
14  17  -2.43505
14  18  -inf
14  19  -inf
14  20  -2.3584
14  21  -2.26765
14  22  -1.91473
14  23  -inf
14  24  -inf
14  25  -inf
14  26  -2.66548
14  27  -inf
14  28  -2.71948
14  29  -2.2555
14  30  -2.15786
14  31  -inf
14  32  -inf
14  33  -inf
14  34  -2.36447
14  35  -inf
14  36  -inf
15  0  -1.54636
15  1  -inf
15  2  -inf
15  3  -inf
15  4  -inf
15  5  -inf
15  6  -inf
15  7  -2.54828
15  8  -inf
15  9  -inf
15  10  -inf
15  11  -inf
15  12  -inf
15  13  -inf
15  14  -2.0283
15  15  -1.01911
15  16  -3.0074
15  17  -2.78285
15  18  -inf
15  19  -inf
15  20  -inf
15  21  -2.61545
15  22  -2.26253
15  23  -inf
15  24  -inf
15  25  -inf
15  26  -2.66716
15  27  -inf
15  28  -inf
15  29  -2.6033
15  30  -2.50566
15  31  -inf
15  32  -2.66502
15  33  -inf
15  34  -2.71227
15  35  -inf
15  36  -inf
16  0  -inf
16  1  -4.21665
16  2  -3.665
16  3  -inf
16  4  -inf
16  5  -inf
16  6  -inf
16  7  -inf
16  8  -inf
16  9  -inf
16  10  -inf
16  11  -inf
16  12  -inf
16  13  -3.91135
16  14  -inf
16  15  -1.69152
16  16  -1.37632
16  17  -inf
16  18  -inf
16  19  -inf
16  20  -inf
16  21  -inf
16  22  -inf
16  23  -inf
16  24  -inf
16  25  -1.91371
16  26  -inf
16  27  -inf
16  28  -3.56325
16  29  -inf
16  30  -inf
16  31  -inf
16  32  -2.03937
16  33  -inf
16  34  -inf
16  35  -inf
16  36  -inf
17  0  -1.4613
17  1  -inf
17  2  -inf
17  3  -inf
17  4  -inf
17  5  -inf
17  6  -inf
17  7  -1.21562
17  8  -inf
17  9  -inf
17  10  -inf
17  11  -inf
17  12  -inf
17  13  -inf
17  14  -1.24474
17  15  -1.22585
17  16  -inf
17  17  -1.36771
17  18  -inf
17  19  -inf
17  20  -inf
17  21  -1.83189
17  22  -0.925776
17  23  -inf
17  24  -3.6377
17  25  -2.14665
17  26  -inf
17  27  -2.21901
17  28  -inf
17  29  -1.81974
17  30  -1.7221
17  31  -2.66067
17  32  -inf
17  33  -inf
17  34  -1.76291
17  35  -inf
17  36  -inf
18  0  -inf
18  1  -3.15071
18  2  -3.09294
18  3  -2.93836
18  4  -inf
18  5  -3.30404
18  6  -1.83883
18  7  -inf
18  8  -2.6212
18  9  -inf
18  10  -inf
18  11  -inf
18  12  -inf
18  13  -3.43101
18  14  -inf
18  15  -inf
18  16  -inf
18  17  -inf
18  18  -1.77099
18  19  -2.07889
18  20  -2.54838
18  21  -3.35814
18  22  -inf
18  23  -3.0702
18  24  -inf
18  25  -inf
18  26  -inf
18  27  -inf
18  28  -inf
18  29  -2.27843
18  30  -2.33756
18  31  -2.34972
18  32  -inf
18  33  -inf
18  34  -inf
18  35  -inf
18  36  -inf
19  0  -inf
19  1  -inf
19  2  -inf
19  3  -3.08385
19  4  -2.24757
19  5  -3.64249
19  6  -2.85545
19  7  -inf
19  8  -1.95395
19  9  -inf
19  10  -inf
19  11  -1.3456
19  12  -3.52603
19  13  -inf
19  14  -inf
19  15  -inf
19  16  -inf
19  17  -inf
19  18  -3.36784
19  19  -1.17905
19  20  -inf
19  21  -inf
19  22  -inf
19  23  -3.50144
19  24  -inf
19  25  -inf
19  26  -inf
19  27  -inf
19  28  -3.21309
19  29  -inf
19  30  -inf
19  31  -3.31432
19  32  -inf
19  33  -inf
19  34  -inf
19  35  -inf
19  36  -inf
20  0  -inf
20  1  -2.39588
20  2  -inf
20  3  -inf
20  4  -inf
20  5  -inf
20  6  -inf
20  7  -inf
20  8  -inf
20  9  -inf
20  10  -inf
20  11  -inf
20  12  -inf
20  13  -inf
20  14  -1.19647
20  15  -inf
20  16  -inf
20  17  -inf
20  18  -2.35647
20  19  -inf
20  20  -0.868819
20  21  -2.71952
20  22  -inf
20  23  -inf
20  24  -inf
20  25  -inf
20  26  -2.64431
20  27  -inf
20  28  -2.16348
20  29  -2.18421
20  30  -2.07619
20  31  -2.47831
20  32  -inf
20  33  -inf
20  34  -2.69317
20  35  -inf
20  36  -inf
21  0  -1.62548
21  1  -inf
21  2  -inf
21  3  -2.46795
21  4  -2.65145
21  5  -inf
21  6  -inf
21  7  -1.92891
21  8  -inf
21  9  -2.65392
21  10  -2.97221
21  11  -inf
21  12  -inf
21  13  -2.96061
21  14  -1.40893
21  15  -1.39003
21  16  -inf
21  17  -2.16348
21  18  -2.94347
21  19  -inf
21  20  -2.71286
21  21  -1.20888
21  22  -1.64316
21  23  -inf
21  24  -inf
21  25  -2.66915
21  26  -2.92873
21  27  -inf
21  28  -inf
21  29  -1.98393
21  30  -1.55195
21  31  -inf
21  32  -inf
21  33  -3.15097
21  34  -1.7473
21  35  -inf
21  36  -inf
22  0  -2.91278
22  1  -inf
22  2  -inf
22  3  -inf
22  4  -inf
22  5  -inf
22  6  -inf
22  7  -2.73562
22  8  -inf
22  9  -3.8285
22  10  -inf
22  11  -1.86227
22  12  -inf
22  13  -inf
22  14  -2.69623
22  15  -2.67733
22  16  -inf
22  17  -2.98231
22  18  -inf
22  19  -inf
22  20  -inf
22  21  -3.28338
22  22  -1.61968
22  23  -inf
22  24  -inf
22  25  -3.59814
22  26  -inf
22  27  -3.03419
22  28  -inf
22  29  -3.27123
22  30  -3.17359
22  31  -4.11216
22  32  -inf
22  33  -inf
22  34  -3.3802
22  35  -inf
22  36  -inf
23  0  -inf
23  1  -inf
23  2  -inf
23  3  -inf
23  4  -inf
23  5  -inf
23  6  -1.29411
23  7  -inf
23  8  -1.49111
23  9  -inf
23  10  -inf
23  11  -inf
23  12  -inf
23  13  -2.89477
23  14  -inf
23  15  -inf
23  16  -inf
23  17  -inf
23  18  -1.8065
23  19  -0.948801
23  20  -inf
23  21  -inf
23  22  -inf
23  23  -1.57831
23  24  -inf
23  25  -inf
23  26  -inf
23  27  -inf
23  28  -inf
23  29  -inf
23  30  -inf
23  31  -1.75298
23  32  -2.5316
23  33  -3.08484
23  34  -inf
23  35  -4.53224
23  36  -inf
24  0  -inf
24  1  -inf
24  2  -3.369
24  3  -inf
24  4  -inf
24  5  -inf
24  6  -inf
24  7  -inf
24  8  -2.95454
24  9  -inf
24  10  -inf
24  11  -0.746992
24  12  -3.18837
24  13  -inf
24  14  -inf
24  15  -inf
24  16  -inf
24  17  -3.95508
24  18  -inf
24  19  -inf
24  20  -inf
24  21  -inf
24  22  -inf
24  23  -inf
24  24  -1.34642
24  25  -inf
24  26  -inf
24  27  -inf
24  28  -inf
24  29  -inf
24  30  -inf
24  31  -inf
24  32  -inf
24  33  -inf
24  34  -inf
24  35  -1.62357
24  36  -inf
25  0  -inf
25  1  -inf
25  2  -inf
25  3  -inf
25  4  -2.68531
25  5  -inf
25  6  -inf
25  7  -2.4456
25  8  -inf
25  9  -2.68777
25  10  -3.00606
25  11  -inf
25  12  -inf
25  13  -inf
25  14  -inf
25  15  -inf
25  16  -2.35171
25  17  -2.71224
25  18  -inf
25  19  -inf
25  20  -inf
25  21  -2.89206
25  22  -1.97973
25  23  -inf
25  24  -inf
25  25  -1.18872
25  26  -inf
25  27  -2.41705
25  28  -inf
25  29  -inf
25  30  -inf
25  31  -2.85871
25  32  -inf
25  33  -3.18482
25  34  -inf
25  35  -inf
25  36  -inf
26  0  -1.7055
26  1  -inf
26  2  -inf
26  3  -inf
26  4  -inf
26  5  -inf
26  6  -inf
26  7  -inf
26  8  -2.81989
26  9  -inf
26  10  -inf
26  11  -inf
26  12  -inf
26  13  -2.87495
26  14  -2.10957
26  15  -1.52474
26  16  -inf
26  17  -inf
26  18  -inf
26  19  -inf
26  20  -2.80353
26  21  -3.09462
26  22  -inf
26  23  -inf
26  24  -inf
26  25  -inf
26  26  -1.19066
26  27  -inf
26  28  -inf
26  29  -inf
26  30  -inf
26  31  -inf
26  32  -inf
26  33  -inf
26  34  -3.06827
26  35  -inf
26  36  -inf
27  0  -inf
27  1  -inf
27  2  -inf
27  3  -inf
27  4  -inf
27  5  -3.71822
27  6  -inf
27  7  -2.01584
27  8  -inf
27  9  -2.14529
27  10  -4.0467
27  11  -inf
27  12  -3.73558
27  13  -inf
27  14  -inf
27  15  -inf
27  16  -inf
27  17  -2.28248
27  18  -inf
27  19  -inf
27  20  -inf
27  21  -inf
27  22  -1.02502
27  23  -inf
27  24  -inf
27  25  -1.91493
27  26  -inf
27  27  -1.21601
27  28  -inf
27  29  -3.73581
27  30  -inf
27  31  -2.42895
27  32  -inf
27  33  -4.41053
27  34  -inf
27  35  -3.55175
27  36  -inf
28  0  -inf
28  1  -3.913
28  2  -inf
28  3  -1.87227
28  4  -inf
28  5  -2.43091
28  6  -inf
28  7  -inf
28  8  -inf
28  9  -2.41389
28  10  -inf
28  11  -inf
28  12  -2.31445
28  13  -3.60771
28  14  -1.17097
28  15  -inf
28  16  -3.40557
28  17  -inf
28  18  -inf
28  19  -1.45289
28  20  -1.7769
28  21  -inf
28  22  -inf
28  23  -inf
28  24  -inf
28  25  -inf
28  26  -inf
28  27  -inf
28  28  -0.92067
28  29  -inf
28  30  -inf
28  31  -inf
28  32  -inf
28  33  -inf
28  34  -inf
28  35  -inf
28  36  -inf
29  0  -1.8646
29  1  -2.91943
29  2  -2.86166
29  3  -inf
29  4  -inf
29  5  -2.82754
29  6  -2.42151
29  7  -2.16803
29  8  -inf
29  9  -inf
29  10  -4.68173
29  11  -inf
29  12  -4.37061
29  13  -inf
29  14  -1.64805
29  15  -1.62916
29  16  -inf
29  17  -2.4026
29  18  -2.24322
29  19  -inf
29  20  -2.3171
29  21  -2.2352
29  22  -1.88229
29  23  -inf
29  24  -inf
29  25  -inf
29  26  -inf
29  27  -3.92045
29  28  -inf
29  29  -1.38621
29  30  -1.64157
29  31  -3.00186
29  32  -inf
29  33  -5.04557
29  34  -2.33202
29  35  -4.18679
29  36  -inf
30  0  -2.12082
30  1  -3.17564
30  2  -inf
30  3  -2.96329
30  4  -inf
30  5  -inf
30  6  -2.40412
30  7  -2.42424
30  8  -inf
30  9  -2.28259
30  10  -inf
30  11  -inf
30  12  -2.81662
30  13  -3.45594
30  14  -1.90426
30  15  -1.88537
30  16  -inf
30  17  -2.65881
30  18  -2.58298
30  19  -inf
30  20  -2.57331
30  21  -2.14784
30  22  -2.1385
30  23  -inf
30  24  -inf
30  25  -inf
30  26  -inf
30  27  -inf
30  28  -inf
30  29  -1.99939
30  30  -1.33688
30  31  -3.25807
30  32  -inf
30  33  -inf
30  34  -2.58823
30  35  -inf
30  36  -inf
31  0  -inf
31  1  -2.83524
31  2  -inf
31  3  -inf
31  4  -inf
31  5  -inf
31  6  -2.10873
31  7  -2.56668
31  8  -2.30572
31  9  -inf
31  10  -inf
31  11  -inf
31  12  -inf
31  13  -inf
31  14  -inf
31  15  -inf
31  16  -inf
31  17  -2.83332
31  18  -2.01152
31  19  -1.76342
31  20  -2.23291
31  21  -inf
31  22  -2.10081
31  23  -2.75473
31  24  -inf
31  25  -2.46577
31  26  -inf
31  27  -2.53813
31  28  -inf
31  29  -2.62357
31  30  -2.51555
31  31  -1.68975
31  32  -inf
31  33  -inf
31  34  -inf
31  35  -inf
31  36  -inf
32  0  -1.85585
32  1  -inf
32  2  -inf
32  3  -inf
32  4  -inf
32  5  -inf
32  6  -inf
32  7  -2.23278
32  8  -inf
32  9  -inf
32  10  -inf
32  11  -inf
32  12  -inf
32  13  -3.68213
32  14  -inf
32  15  -1.82548
32  16  -2.51571
32  17  -inf
32  18  -inf
32  19  -inf
32  20  -inf
32  21  -inf
32  22  -inf
32  23  -3.61645
32  24  -inf
32  25  -inf
32  26  -inf
32  27  -inf
32  28  -inf
32  29  -inf
32  30  -inf
32  31  -inf
32  32  -1.39183
32  33  -3.87221
32  34  -inf
32  35  -inf
32  36  -inf
33  0  -inf
33  1  -1.95684
33  2  -inf
33  3  -1.73072
33  4  -1.34453
33  5  -3.85078
33  6  -inf
33  7  -inf
33  8  -inf
33  9  -2.39057
33  10  -2.50199
33  11  -inf
33  12  -3.86814
33  13  -3.29111
33  14  -inf
33  15  -inf
33  16  -inf
33  17  -inf
33  18  -inf
33  19  -inf
33  20  -inf
33  21  -2.59486
33  22  -inf
33  23  -3.22542
33  24  -inf
33  25  -2.4058
33  26  -inf
33  27  -3.41799
33  28  -inf
33  29  -3.86837
33  30  -inf
33  31  -inf
33  32  -2.92794
33  33  -1.56562
33  34  -inf
33  35  -3.68432
33  36  -inf
34  0  -1.09232
34  1  -3.02061
34  2  -inf
34  3  -inf
34  4  -2.56048
34  5  -inf
34  6  -inf
34  7  -1.28718
34  8  -inf
34  9  -inf
34  10  -2.86747
34  11  -inf
34  12  -inf
34  13  -inf
34  14  -0.875765
34  15  -0.856869
34  16  -inf
34  17  -1.51404
34  18  -inf
34  19  -inf
34  20  -2.1797
34  21  -1.15177
34  22  -1.11
34  23  -inf
34  24  -inf
34  25  -inf
34  26  -2.39557
34  27  -inf
34  28  -inf
34  29  -1.45076
34  30  -1.35313
34  31  -inf
34  32  -inf
34  33  -inf
34  34  -0.871319
34  35  -inf
34  36  -inf
35  0  -inf
35  1  -inf
35  2  -inf
35  3  -inf
35  4  -inf
35  5  -2.93967
35  6  -inf
35  7  -inf
35  8  -inf
35  9  -inf
35  10  -3.26815
35  11  0.384824
35  12  -2.95703
35  13  -inf
35  14  -inf
35  15  -inf
35  16  -inf
35  17  -inf
35  18  -inf
35  19  -inf
35  20  -inf
35  21  -inf
35  22  -inf
35  23  -5.12091
35  24  -0.75006
35  25  -inf
35  26  -inf
35  27  -2.50687
35  28  -inf
35  29  -2.95726
35  30  -inf
35  31  -inf
35  32  -inf
35  33  -3.63198
35  34  -inf
35  35  -0.36815
35  36  -inf
36  0  -inf
36  1  -inf
36  2  -inf
36  3  -inf
36  4  -inf
36  5  -inf
36  6  -inf
36  7  -inf
36  8  -inf
36  9  -inf
36  10  -inf
36  11  -inf
36  12  -inf
36  13  -inf
36  14  -inf
36  15  -inf
36  16  -inf
36  17  -inf
36  18  -inf
36  19  -inf
36  20  -inf
36  21  -inf
36  22  -inf
36  23  -inf
36  24  -inf
36  25  -inf
36  26  -inf
36  27  -inf
36  28  -inf
36  29  -inf
36  30  -inf
36  31  -inf
36  32  -inf
36  33  -inf
36  34  -inf
36  35  -inf
36  36  -0.332483