0 -2.07988
1 -2.69891
2 -3.14186
3 -35.6567
4 -5.53174
5 -2.36941
6 -3.07614
7 -3.56052
8 -2.37681
9 -8.91178
10 -6.32233
11 -43.214
12 -2.2079
13 -5.73086
14 -3.92035
15 -2.35344
16 -3.04811
17 -4.5799
18 -11.2756
19 -1.77311
20 -22.432
21 -9.83202
22 -10.2136
23 -4.09903
24 -8.11417
25 -3.68132
26 -3.29584
0  0  -5.31172
0  1  -3.20601
0  2  -5.46289
0  3  -5.95554
0  4  -13.3879
0  5  -6.83952
0  6  -2.97278
0  7  -22.521
0  8  -5.9061
0  9  -4.13647
0  10  -3.18432
0  11  -3.45804
0  12  -5.17162
0  13  -1.28776
0  14  -6.63335
0  15  -4.97346
0  16  -5.44937
0  17  -2.49602
0  18  -12.5841
0  19  -5.34236
0  20  -1.70716
0  21  -2.38779
0  22  -4.46485
0  23  -12.8762
0  24  -5.24142
0  25  -3.71961
0  26  -2.22259
1  0  -3.00375
1  1  -3.09213
1  2  -5.81174
1  3  -5.06187
1  4  -3.09226
1  5  -2.46371
1  6  -3.50617
1  7  -23.1312
1  8  -2.65759
1  9  -2.80169
1  10  -3.59138
1  11  -2.3718
1  12  -6.7227
1  13  -23.9493
1  14  -1.81217
1  15  -3.69432
1  16  -4.3851
1  17  -5.73535
1  18  -2.69575
1  19  -6.47987
1  20  -3.89991
1  21  -2.61249
1  22  -20.0115
1  23  -4.47799
1  24  -3.36932
1  25  -2.67849
1  26  -6.6261
2  0  -2.62246
2  1  -4.2609
2  2  -7.33763
2  3  -25.2366
2  4  -19.6495
2  5  -7.12887
2  6  -14.0289
2  7  -6.70673
2  8  -2.86545
2  9  -3.24351
2  10  -7.31432
2  11  -12.6975
2  12  -7.64285
2  13  -6.28509
2  14  -0.908568
2  15  -3.88423
2  16  -18.5444
2  17  -4.17225
2  18  -2.70255
2  19  -8.96095
2  20  -26.0453
2  21  -3.87349
2  22  -35.0701
2  23  -1.58154
2  24  -12.5437
2  25  -3.37545
2  26  -3.10781
3  0  -3.68225
3  1  -21.5353
3  2  -5.33643
3  3  -9.49594
3  4  -2.87712
3  5  -17.1637
3  6  -7.92881
3  7  -36.081
3  8  -3.31805
3  9  -4.39333
3  10  -4.73558
3  11  -5.62049
3  12  -6.59019
3  13  -9.76769
3  14  -4.12525
3  15  -28.6166
3  16  -8.75589
3  17  -3.13175
3  18  -4.79942
3  19  -6.09177
3  20  -4.58519
3  21  -14.6637
3  22  -34.2413
3  23  -28.0595
3  24  -4.32509
3  25  -4.21691
3  26  -0.2981
4  0  -4.35803
4  1  -19.4259
4  2  -4.80423
4  3  -2.99335
4  4  -5.82452
4  5  -19.9787
4  6  -21.2788
4  7  -29.4487
4  8  -5.06994
4  9  -5.40765
4  10  -7.52568
4  11  -4.59126
4  12  -7.41536
4  13  -3.10676
4  14  -8.46103
4  15  -23.7249
4  16  -7.5669
4  17  -3.03307
4  18  -8.94729
4  19  -5.31916
4  20  -2.85471
4  21  -16.8208
4  22  -2.79116
4  23  -7.11703
4  24  -4.56505
4  25  -24.0925
4  26  -0.392939
5  0  -4.63611
5  1  -3.20799
5  2  -5.07326
5  3  -4.13672
5  4  -15.8045
5  5  -2.41722
5  6  -5.10798
5  7  -7.24647
5  8  -4.07655
5  9  -3.42539
5  10  -3.09948
5  11  -4.04847
5  12  -5.84724
5  13  -3.05037
5  14  -11.3724
5  15  -10.0626
5  16  -8.67708
5  17  -2.82979
5  18  -4.9297
5  19  -4.12523
5  20  -2.64229
5  21  -3.96131
5  22  -1.1525
5  23  -17.8065
5  24  -17.4682
5  25  -2.02512
5  26  -3.02106
6  0  -3.95698
6  1  -4.17215
6  2  -2.76184
6  3  -4.60361
6  4  -3.24659
6  5  -2.54991
6  6  -3.75394
6  7  -3.92749
6  8  -2.16753
6  9  -2.78354
6  10  -4.52287
6  11  -3.15033
6  12  -6.67756
6  13  -6.96409
6  14  -1.64178
6  15  -3.57411
6  16  -4.49047
6  17  -5.9361
6  18  -2.72023
6  19  -5.95003
6  20  -10.2929
6  21  -3.72563
6  22  -4.1404
6  23  -4.49844
6  24  -3.62831
6  25  -2.20923
6  26  -4.77261
7  0  -2.8353
7  1  -9.28013
7  2  -4.92083
7  3  -8.0834
7  4  -0.633998
7  5  -3.21018
7  6  -12.1176
7  7  -45.3735
7  8  -1.85264
7  9  -20.1226
7  10  -16.5919
7  11  -5.16818
7  12  -8.31363
7  13  -65.9845
7  14  -18.7035
7  15  -32.6789
7  16  -6.98071
7  17  -7.08585
7  18  -2.1484
7  19  -64.1234
7  20  -21.7943
7  21  -6.58805
7  22  -51.3435
7  23  -15.9752
7  24  -25.2705
7  25  -6.85675
7  26  -2.53636
8  0  -3.64412
8  1  -4.33405
8  2  -4.40221
8  3  -5.95866
8  4  -5.11336
8  5  -14.9539
8  6  -3.54025
8  7  -16.3586
8  8  -5.10581
8  9  -4.78695
8  10  -2.80094
8  11  -12.8195
8  12  -22.4306
8  13  -1.35379
8  14  -2.94133
8  15  -9.66462
8  16  -5.17813
8  17  -1.66755
8  18  -6.63257
8  19  -3.09165
8  20  -4.31804
8  21  -2.38724
8  22  -4.75202
8  23  -1.81631
8  24  -6.28045
8  25  -5.26287
8  26  -18.6974
9  0  -3.90464
9  1  -2.72641
9  2  -4.30804
9  3  -3.77762
9  4  -3.6089
9  5  -15.8203
9  6  -3.58105
9  7  -5.43497
9  8  -9.06544
9  9  -3.24967
9  10  -2.71488
9  11  -4.35094
9  12  -9.40789
9  13  -2.43298
9  14  -2.11899
9  15  -4.79158
9  16  -4.06309
9  17  -17.9339
9  18  -2.71207
9  19  -6.83706
9  20  -2.24349
9  21  -1.56504
9  22  -25.1574
9  23  -4.05133
9  24  -3.51208
9  25  -4.43217
9  26  -3.66932
10  0  -3.37927
10  1  -4.47252
10  2  -29.8728
10  3  -46.7262
10  4  -1.30607
10  5  -12.7789
10  6  -29.3349
10  7  -43.5553
10  8  -1.79184
10  9  -4.26175
10  10  -3.68493
10  11  -16.587
10  12  -3.34512
10  13  -8.0532
10  14  -1.72616
10  15  -2.57219
10  16  -13.6853
10  17  -3.77056
10  18  -4.66745
10  19  -9.69933
10  20  -9.84484
10  21  -18.4287
10  22  -66.8248
10  23  -3.60119
10  24  -10.4746
10  25  -3.54322
10  26  -2.31189
11  0  -4.63152
11  1  -3.71408
11  2  -5.80809
11  3  -2.99002
11  4  -2.90774
11  5  -14.6415
11  6  -4.33548
11  7  -16.5931
11  8  -4.03179
11  9  -3.99691
11  10  -3.49514
11  11  -3.83155
11  12  -4.15294
11  13  -17.7996
11  14  -4.26665
11  15  -6.6009
11  16  -6.46995
11  17  -5.00657
11  18  -4.37108
11  19  -5.98152
11  20  -4.08342
11  21  -2.5473
11  22  -14.93
11  23  -4.1191
11  24  -2.61085
11  25  -4.75506
11  26  -0.675763
12  0  -2.34207
12  1  -6.31777
12  2  -5.24472
12  3  -42.7602
12  4  -1.60037
12  5  -2.08256
12  6  -16.1626
12  7  -1.9818
12  8  -2.21155
12  9  -3.27124
12  10  -33.8483
12  11  -8.69675
12  12  -22.9311
12  13  -26.671
12  14  -3.24005
12  15  -4.27151
12  16  -11.9838
12  17  -9.05397
12  18  -2.74092
12  19  -12.5801
12  20  -31.8099
12  21  -6.64803
12  22  -78.7357
12  23  -3.9226
12  24  -3.13535
12  25  -2.27739
12  26  -26.1737
13  0  -4.09519
13  1  -4.64065
13  2  -17.2192
13  3  -1.41701
13  4  -2.99233
13  5  -5.12119
13  6  -5.43063
13  7  -8.06371
13  8  -4.1509
13  9  -4.02801
13  10  -4.1987
13  11  -8.62503
13  12  -8.31952
13  13  -5.30249
13  14  -5.46324
13  15  -3.6527
13  16  -4.95082
13  17  -2.83018
13  18  -4.37378
13  19  -6.29505
13  20  -4.18718
13  21  -1.7996
13  22  -28.164
13  23  -10.3645
13  24  -7.40604
13  25  -6.18155
13  26  -1.13166
14  0  -2.54713
14  1  -3.24395
14  2  -4.42428
14  3  -2.84088
14  4  -3.54581
14  5  -8.3007
14  6  -3.21659
14  7  -11.4886
14  8  -5.94964
14  9  -4.07199
14  10  -2.62343
14  11  -5.10401
14  12  -5.44071
14  13  -1.48729
14  14  -3.15772
14  15  -2.88706
14  16  -3.61302
14  17  -2.10969
14  18  -3.99216
14  19  -8.81908
14  20  -4.35398
14  21  -2.57418
14  22  -3.00669
14  23  -5.08388
14  24  -14.3712
14  25  -5.42282
14  26  -8.1746
15  0  -2.09018
15  1  -2.73418
15  2  -1.68133
15  3  -28.1536
15  4  -23.3555
15  5  -1.45919
15  6  -4.82901
15  7  -5.87106
15  8  -4.07749
15  9  -5.11452
15  10  -3.71948
15  11  -4.07567
15  12  -7.70998
15  13  -15.3744
15  14  -2.226
15  15  -3.87437
15  16  -5.54469
15  17  -13.4178
15  18  -5.23116
15  19  -24.861
15  20  -4.25655
15  21  -9.51946
15  22  -39.307
15  23  -2.17849
15  24  -17.8564
15  25  -3.09307
15  26  -5.02309
16  0  -3.10135
16  1  -3.7659
16  2  -3.29714
16  3  -30.2906
16  4  -3.14809
16  5  -1.20371
16  6  -5.34738
16  7  -3.02977
16  8  -2.23942
16  9  -2.6518
16  10  -45.4467
16  11  -22.857
16  12  -25.7428
16  13  -63.6075
16  14  -3.11674
16  15  -7.21098
16  16  -3.05159
16  17  -8.53644
16  18  -2.77328
16  19  -27.7606
16  20  -23.3048
16  21  -4.9189
16  22  -46.2787
16  23  -11.6559
16  24  -4.85686
16  25  -1.98529
16  26  -4.24578
17  0  -5.47749
17  1  -4.53272
17  2  -19.318
17  3  -7.66821
17  4  -2.75965
17  5  -22.8483
17  6  -7.15569
17  7  -4.6904
17  8  -2.3806
17  9  -9.29997
17  10  -4.89633
17  11  -24.0423
17  12  -6.62366
17  13  -17.0489
17  14  -15.5346
17  15  -3.87793
17  16  -5.47542
17  17  -2.43326
17  18  -6.05495
17  19  -7.71744
17  20  -5.98052
17  21  -2.37981
17  22  -18.9963
17  23  -6.55112
17  24  -21.1867
17  25  -4.00307
17  26  -0.5452
18  0  -9.12912
18  1  -6.23778
18  2  -14.643
18  3  -2.6362
18  4  -10.0758
18  5  -13.2889
18  6  -10.6573
18  7  -34.8716
18  8  -3.05614
18  9  -3.94543
18  10  -1.82185
18  11  -3.14063
18  12  -27.7988
18  13  -4.9321
18  14  -11.7691
18  15  -20.0263
18  16  -7.98936
18  17  -3.06073
18  18  -21.9926
18  19  -6.73651
18  20  -3.23348
18  21  -1.0349
18  22  -3.50732
18  23  -21.3906
18  24  -1.75443
18  25  -6.45093
18  26  -16.3723
19  0  -3.97755
19  1  -7.24683
19  2  -4.66724
19  3  -45.5659
19  4  -35.2696
19  5  -5.06102
19  6  -23.1317
19  7  -0.316035
19  8  -5.15764
19  9  -5.07548
19  10  -7.04454
19  11  -1.74435
19  12  -5.26969
19  13  -12.1519
19  14  -6.62111
19  15  -10.1164
19  16  -8.87595
19  17  -4.93373
19  18  -3.98952
19  19  -74.3546
19  20  -17.9951
19  21  -26.9369
19  22  -21.1445
19  23  -17.5486
19  24  -14.9867
19  25  -5.52255
19  26  -4.44103
20  0  -3.67099
20  1  -3.33454
20  2  -3.93047
20  3  -2.17387
20  4  -1.45839
20  5  -17.4974
20  6  -4.65558
20  7  -13.4094
20  8  -3.46307
20  9  -2.79835
20  10  -4.81714
20  11  -4.02167
20  12  -6.08523
20  13  -5.17175
20  14  -7.17812
20  15  -12.6242
20  16  -7.76295
20  17  -3.09856
20  18  -3.69942
20  19  -4.38533
20  20  -4.41615
20  21  -2.58982
20  22  -4.88929
20  23  -4.19648
20  24  -1.76272
20  25  -11.8242
20  26  -2.62497
21  0  -3.51456
21  1  -10.1271
21  2  -3.93232
21  3  -4.40319
21  4  -2.25387
21  5  -5.37926
21  6  -8.26216
21  7  -5.05727
21  8  -2.00883
21  9  -2.96009
21  10  -4.80571
21  11  -5.50383
21  12  -5.50892
21  13  -4.46303
21  14  -3.02813
21  15  -4.52894
21  16  -5.25932
21  17  -3.17131
21  18  -3.47617
21  19  -18.4173
21  20  -4.22932
21  21  -2.50471
21  22  -14.0989
21  23  -7.79618
21  24  -2.78983
21  25  -3.20735
21  26  -1.30009
22  0  -7.34842
22  1  -5.77446
22  2  -13.9494
22  3  -12.4073
22  4  -4.79126
22  5  -5.24859
22  6  -4.18277
22  7  -34.2277
22  8  -8.07895
22  9  -4.65561
22  10  -2.07593
22  11  -31.3292
22  12  -4.35658
22  13  -3.14249
22  14  -3.54235
22  15  -4.26994
22  16  -4.7945
22  17  -3.34031
22  18  -6.12969
22  19  -5.84844
22  20  -10.224
22  21  -2.57097
22  22  -6.44608
22  23  -7.70189
22  24  -16.3683
22  25  -15.2732
22  26  -0.500957
23  0  -11.7249
23  1  -3.39086
23  2  -13.5446
23  3  -16.3757
23  4  -12.0154
23  5  -5.38287
23  6  -3.26703
23  7  -9.15253
23  8  -8.12998
23  9  -3.74974
23  10  -2.59638
23  11  -4.54073
23  12  -6.31812
23  13  -0.640537
23  14  -11.4403
23  15  -2.38882
23  16  -14.3948
23  17  -6.40146
23  18  -5.0494
23  19  -11.4838
23  20  -3.21523
23  21  -4.21931
23  22  -4.58638
23  23  -6.05522
23  24  -3.7034
23  25  -2.36677
23  26  -25.6654
24  0  -5.23335
24  1  -5.31102
24  2  -25.2781
24  3  -4.37404
24  4  -10.9574
24  5  -8.17254
24  6  -11.0142
24  7  -28.9765
24  8  -4.8357
24  9  -3.28076
24  10  -4.00518
24  11  -4.38464
24  12  -8.30851
24  13  -10.5232
24  14  -3.96482
24  15  -24.2399
24  16  -6.77526
24  17  -3.97702
24  18  -4.29352
24  19  -21.4315
24  20  -3.16152
24  21  -3.12878
24  22  -8.40766
24  23  -6.73901
24  24  -2.49584
24  25  -4.40294
24  26  -0.407082
25  0  -4.01962
25  1  -2.6339
25  2  -2.48817
25  3  -5.7106
25  4  -3.40869
25  5  -8.27917
25  6  -3.12346
25  7  -8.75651
25  8  -4.70908
25  9  -3.98424
25  10  -3.38201
25  11  -3.23037
25  12  -14.0952
25  13  -2.38124
25  14  -2.88408
25  15  -4.13787
25  16  -5.29511
25  17  -2.21787
25  18  -3.81418
25  19  -4.40893
25  20  -1.76804
25  21  -2.1869
25  22  -3.60778
25  23  -9.39519
25  24  -12.4967
25  25  -29.0341
25  26  -3.78462
26  0  -3.29584
26  1  -3.29584
26  2  -3.29584
26  3  -3.29584
26  4  -3.29584
26  5  -3.29584
26  6  -3.29584
26  7  -3.29584
26  8  -3.29584
26  9  -3.29584
26  10  -3.29584
26  11  -3.29584
26  12  -3.29584
26  13  -3.29584
26  14  -3.29584
26  15  -3.29584
26  16  -3.29584
26  17  -3.29584
26  18  -3.29584
26  19  -3.29584
26  20  -3.29584
26  21  -3.29584
26  22  -3.29584
26  23  -3.29584
26  24  -3.29584
26  25  -3.29584
26  26  -3.29584
0  0  -inf
0  1  -inf
0  2  -inf
0  3  -2.42451
0  4  -inf
0  5  -inf
0  6  -inf
0  7  -9.56735
0  8  -inf
0  9  -inf
0  10  -1.923
0  11  -3.0377
0  12  -inf
0  13  -inf
0  14  -20.8258
0  15  -inf
0  16  -0.332267
0  17  -58.4409
0  18  -inf
0  19  -inf
0  20  -inf
0  21  -inf
0  22  -inf
0  23  -inf
0  24  -inf
0  25  -inf
0  26  -inf
1  0  -inf
1  1  -inf
1  2  -1.52355
1  3  -inf
1  4  -1.64636
1  5  -inf
1  6  -inf
1  7  -inf
1  8  -inf
1  9  -3.79091
1  10  -inf
1  11  -1.19084
1  12  -inf
1  13  -inf
1  14  -inf
1  15  -inf
1  16  -3.48265
1  17  -1.46082
1  18  -inf
1  19  -inf
1  20  -inf
1  21  -inf
1  22  -inf
1  23  -inf
1  24  -inf
1  25  -inf
1  26  -inf
2  0  -2.21806
2  1  -inf
2  2  -inf
2  3  -inf
2  4  -inf
2  5  -inf
2  6  -inf
2  7  -inf
2  8  -inf
2  9  -inf
2  10  -inf
2  11  -inf
2  12  -inf
2  13  -inf
2  14  -inf
2  15  -inf
2  16  -inf
2  17  -inf
2  18  -13.3267
2  19  -inf
2  20  -inf
2  21  -inf
2  22  -3.16638
2  23  -inf
2  24  -5.95441
2  25  -0.16673
2  26  -inf
3  0  -1.51988
3  1  -inf
3  2  -inf
3  3  -inf
3  4  -6.83207
3  5  -inf
3  6  -inf
3  7  -inf
3  8  -1.39766
3  9  -4.01599
3  10  -inf
3  11  -inf
3  12  -7.14678
3  13  -inf
3  14  -inf
3  15  -3.19893
3  16  -inf
3  17  -inf
3  18  -inf
3  19  -inf
3  20  -inf
3  21  -inf
3  22  -inf
3  23  -0.871839
3  24  -inf
3  25  -2.89661
3  26  -inf
4  0  -inf
4  1  -inf
4  2  -inf
4  3  -inf
4  4  -2.40128
4  5  -inf
4  6  -inf
4  7  -inf
4  8  -2.22369
4  9  -4.45781
4  10  -inf
4  11  -inf
4  12  -inf
4  13  -inf
4  14  -7.00836
4  15  -0.320128
4  16  -inf
4  17  -inf
4  18  -inf
4  19  -inf
4  20  -inf
4  21  -inf
4  22  -2.77035
4  23  -inf
4  24  -inf
4  25  -inf
4  26  -inf
5  0  -inf
5  1  -inf
5  2  -inf
5  3  -inf
5  4  -inf
5  5  -0.358188
5  6  -inf
5  7  -inf
5  8  -8.38854
5  9  -inf
5  10  -inf
5  11  -inf
5  12  -inf
5  13  -22.8305
5  14  -inf
5  15  -inf
5  16  -inf
5  17  -inf
5  18  -3.12087
5  19  -1.3598
5  20  -inf
5  21  -inf
5  22  -inf
5  23  -inf
5  24  -inf
5  25  -inf
5  26  -inf
6  0  -inf
6  1  -1.94617
6  2  -inf
6  3  -inf
6  4  -inf
6  5  -inf
6  6  -inf
6  7  -inf
6  8  -1.44041
6  9  -inf
6  10  -inf
6  11  -inf
6  12  -inf
6  13  -inf
6  14  -2.28583
6  15  -inf
6  16  -inf
6  17  -inf
6  18  -2.2301
6  19  -inf
6  20  -inf
6  21  -inf
6  22  -inf
6  23  -1.04362
6  24  -inf
6  25  -2.83084
6  26  -inf
7  0  -inf
7  1  -inf
7  2  -inf
7  3  -25.3386
7  4  -inf
7  5  -inf
7  6  -inf
7  7  -inf
7  8  -inf
7  9  -inf
7  10  -1.63613
7  11  -inf
7  12  -inf
7  13  -inf
7  14  -inf
7  15  -inf
7  16  -inf
7  17  -inf
7  18  -2.44962
7  19  -inf
7  20  -0.329976
7  21  -inf
7  22  -inf
7  23  -inf
7  24  -inf
7  25  -inf
7  26  -inf
8  0  -inf
8  1  -inf
8  2  -inf
8  3  -1.64678
8  4  -inf
8  5  -inf
8  6  -inf
8  7  -inf
8  8  -inf
8  9  -1.61178
8  10  -inf
8  11  -inf
8  12  -inf
8  13  -inf
8  14  -22.5882
8  15  -inf
8  16  -inf
8  17  -inf
8  18  -inf
8  19  -inf
8  20  -inf
8  21  -inf
8  22  -inf
8  23  -22.7495
8  24  -0.497912
8  25  -inf
8  26  -inf
9  0  -inf
9  1  -inf
9  2  -inf
9  3  -inf
9  4  -inf
9  5  -inf
9  6  -10.0374
9  7  -inf
9  8  -3.13398
9  9  -inf
9  10  -inf
9  11  -inf
9  12  -inf
9  13  -inf
9  14  -inf
9  15  -inf
9  16  -inf
9  17  -inf
9  18  -2.99324
9  19  -2.54267
9  20  -inf
9  21  -inf
9  22  -inf
9  23  -inf
9  24  -0.189187
9  25  -inf
9  26  -inf
10  0  -1.68696
10  1  -inf
10  2  -inf
10  3  -inf
10  4  -6.97038
10  5  -inf
10  6  -0.670677
10  7  -inf
10  8  -inf
10  9  -inf
10  10  -inf
10  11  -4.75724
10  12  -inf
10  13  -inf
10  14  -inf
10  15  -inf
10  16  -inf
10  17  -inf
10  18  -inf
10  19  -1.22408
10  20  -inf
10  21  -inf
10  22  -inf
10  23  -inf
10  24  -inf
10  25  -inf
10  26  -inf
11  0  -inf
11  1  -inf
11  2  -inf
11  3  -inf
11  4  -inf
11  5  -4.12545e-05
11  6  -inf
11  7  -inf
11  8  -inf
11  9  -inf
11  10  -inf
11  11  -inf
11  12  -inf
11  13  -inf
11  14  -inf
11  15  -inf
11  16  -inf
11  17  -16.5072
11  18  -inf
11  19  -inf
11  20  -inf
11  21  -inf
11  22  -inf
11  23  -10.0974
11  24  -inf
11  25  -inf
11  26  -inf
12  0  -inf
12  1  -inf
12  2  -inf
12  3  -9.7122
12  4  -1.64847
12  5  -inf
12  6  -1.4224
12  7  -0.833751
12  8  -inf
12  9  -inf
12  10  -inf
12  11  -2.02842
12  12  -inf
12  13  -inf
12  14  -inf
12  15  -inf
12  16  -inf
12  17  -inf
12  18  -inf
12  19  -inf
12  20  -inf
12  21  -inf
12  22  -inf
12  23  -inf
12  24  -7.5988
12  25  -inf
12  26  -inf
13  0  -inf
13  1  -inf
13  2  -0.513409
13  3  -inf
13  4  -inf
13  5  -inf
13  6  -20.8355
13  7  -inf
13  8  -inf
13  9  -inf
13  10  -inf
13  11  -inf
13  12  -inf
13  13  -inf
13  14  -1.35244
13  15  -inf
13  16  -inf
13  17  -14.9819
13  18  -inf
13  19  -3.78945
13  20  -2.11751
13  21  -inf
13  22  -inf
13  23  -inf
13  24  -inf
13  25  -inf
13  26  -inf
14  0  -inf
14  1  -4.38642
14  2  -inf
14  3  -inf
14  4  -inf
14  5  -2.78444
14  6  -inf
14  7  -inf
14  8  -1.94694
14  9  -inf
14  10  -inf
14  11  -inf
14  12  -inf
14  13  -inf
14  14  -inf
14  15  -0.384979
14  16  -inf
14  17  -inf
14  18  -inf
14  19  -2.27675
14  20  -inf
14  21  -inf
14  22  -inf
14  23  -inf
14  24  -inf
14  25  -inf
14  26  -inf
15  0  -inf
15  1  -inf
15  2  -inf
15  3  -inf
15  4  -inf
15  5  -inf
15  6  -inf
15  7  -inf
15  8  -2.52275
15  9  -inf
15  10  -inf
15  11  -inf
15  12  -inf
15  13  -inf
15  14  -1.08269
15  15  -2.10013
15  16  -inf
15  17  -inf
15  18  -inf
15  19  -inf
15  20  -2.47986
15  21  -9.8109
15  22  -0.981289
15  23  -inf
15  24  -inf
15  25  -inf
15  26  -inf
16  0  -1.91277
16  1  -inf
16  2  -inf
16  3  -inf
16  4  -inf
16  5  -7.34144
16  6  -inf
16  7  -inf
16  8  -inf
16  9  -inf
16  10  -2.20161
16  11  -inf
16  12  -inf
16  13  -0.509601
16  14  -inf
16  15  -inf
16  16  -inf
16  17  -inf
16  18  -inf
16  19  -inf
16  20  -inf
16  21  -inf
16  22  -inf
16  23  -inf
16  24  -inf
16  25  -1.96382
16  26  -inf
17  0  -2.25774
17  1  -1.96726
17  2  -inf
17  3  -inf
17  4  -inf
17  5  -13.0134
17  6  -inf
17  7  -inf
17  8  -inf
17  9  -inf
17  10  -inf
17  11  -0.366248
17  12  -inf
17  13  -inf
17  14  -inf
17  15  -inf
17  16  -inf
17  17  -inf
17  18  -3.29315
17  19  -inf
17  20  -inf
17  21  -inf
17  22  -inf
17  23  -inf
17  24  -inf
17  25  -3.68467
17  26  -inf
18  0  -15.1005
18  1  -3.54256
18  2  -inf
18  3  -inf
18  4  -inf
18  5  -inf
18  6  -inf
18  7  -14.5356
18  8  -5.92739
18  9  -inf
18  10  -inf
18  11  -2.95447
18  12  -inf
18  13  -inf
18  14  -inf
18  15  -inf
18  16  -0.0874242
18  17  -inf
18  18  -inf
18  19  -inf
18  20  -inf
18  21  -inf
18  22  -inf
18  23  -inf
18  24  -inf
18  25  -inf
18  26  -inf
19  0  -1.57454
19  1  -inf
19  2  -inf
19  3  -0.66945
19  4  -inf
19  5  -inf
19  6  -inf
19  7  -inf
19  8  -inf
19  9  -inf
19  10  -inf
19  11  -inf
19  12  -9.47944
19  13  -inf
19  14  -inf
19  15  -inf
19  16  -inf
19  17  -32.5765
19  18  -inf
19  19  -inf
19  20  -inf
19  21  -inf
19  22  -1.27
19  23  -inf
19  24  -inf
19  25  -inf
19  26  -inf
20  0  -2.23483
20  1  -inf
20  2  -inf
20  3  -inf
20  4  -inf
20  5  -inf
20  6  -inf
20  7  -inf
20  8  -inf
20  9  -inf
20  10  -inf
20  11  -inf
20  12  -5.62551
20  13  -inf
20  14  -inf
20  15  -inf
20  16  -inf
20  17  -1.06037
20  18  -8.94613
20  19  -5.46374
20  20  -inf
20  21  -5.15501
20  22  -inf
20  23  -inf
20  24  -inf
20  25  -0.62939
20  26  -inf
21  0  -inf
21  1  -inf
21  2  -inf
21  3  -0.660433
21  4  -inf
21  5  -inf
21  6  -inf
21  7  -inf
21  8  -inf
21  9  -inf
21  10  -inf
21  11  -3.28993
21  12  -inf
21  13  -inf
21  14  -inf
21  15  -inf
21  16  -inf
21  17  -4.40949
21  18  -inf
21  19  -10.1095
21  20  -inf
21  21  -inf
21  22  -0.834909
21  23  -inf
21  24  -inf
21  25  -inf
21  26  -inf
22  0  -inf
22  1  -inf
22  2  -inf
22  3  -3.27323
22  4  -inf
22  5  -inf
22  6  -1.98753
22  7  -2.48834
22  8  -3.29699
22  9  -inf
22  10  -inf
22  11  -inf
22  12  -7.25329
22  13  -1.4678
22  14  -inf
22  15  -16.6179
22  16  -inf
22  17  -inf
22  18  -inf
22  19  -inf
22  20  -inf
22  21  -inf
22  22  -inf
22  23  -inf
22  24  -inf
22  25  -0.746759
22  26  -inf
23  0  -inf
23  1  -2.81949
23  2  -inf
23  3  -6.35624
23  4  -3.00545
23  5  -0.117597
23  6  -inf
23  7  -inf
23  8  -inf
23  9  -inf
23  10  -inf
23  11  -inf
23  12  -9.77718
23  13  -inf
23  14  -inf
23  15  -inf
23  16  -inf
23  17  -inf
23  18  -38.2787
23  19  -inf
23  20  -inf
23  21  -inf
23  22  -inf
23  23  -inf
23  24  -inf
23  25  -inf
23  26  -inf
24  0  -inf
24  1  -inf
24  2  -inf
24  3  -inf
24  4  -1.92544
24  5  -inf
24  6  -inf
24  7  -inf
24  8  -inf
24  9  -0.940928
24  10  -1.99883
24  11  -inf
24  12  -inf
24  13  -inf
24  14  -inf
24  15  -inf
24  16  -inf
24  17  -1.11343
24  18  -inf
24  19  -inf
24  20  -inf
24  21  -inf
24  22  -inf
24  23  -inf
24  24  -inf
24  25  -inf
24  26  -inf
25  0  -4.13321
25  1  -inf
25  2  -inf
25  3  -inf
25  4  -inf
25  5  -inf
25  6  -inf
25  7  -inf
25  8  -inf
25  9  -inf
25  10  -inf
25  11  -inf
25  12  -2.38227
25  13  -inf
25  14  -inf
25  15  -1.24295
25  16  -inf
25  17  -inf
25  18  -inf
25  19  -inf
25  20  -inf
25  21  -0.594514
25  22  -2.97076
25  23  -inf
25  24  -inf
25  25  -inf
25  26  -inf
26  0  -inf
26  1  -inf
26  2  -inf
26  3  -inf
26  4  -inf
26  5  -inf
26  6  -inf
26  7  -inf
26  8  -inf
26  9  -inf
26  10  -inf
26  11  -inf
26  12  -inf
26  13  -inf
26  14  -inf
26  15  -inf
26  16  -inf
26  17  -inf
26  18  -inf
26  19  -inf
26  20  -inf
26  21  -inf
26  22  -inf
26  23  -inf
26  24  -inf
26  25  -inf
26  26  0
